Q2,W,SYS_int2,Vz,minPCAL,BE,ThPhi,fidDC,fidPCAL,sysSF,BCC_sys,RC_sys,ET_sys,SYS_SecDepen,SYS_MomCorr,SYS_Smearing,SYS_UnfProc,Total
2.7737,1.15,0.939,0.8441,0.0013,0.0033,0.0,0.5719,0.7954,0.0346,0.437,2.289,0.363,5.5161,1.699,2.6174,2.0339,7.2401
2.7737,1.2,0.7515,0.7164,0.0007,0.0053,0.0,0.4565,0.8551,0.0179,1.349,0.722,0.298,4.5895,1.1632,0.1497,0.5187,5.2111
2.7737,1.25,0.8268,0.6255,0.0007,0.0022,0.0,0.3602,0.8849,0.0139,0.632,0.33,0.279,2.8538,0.1033,0.8319,0.037,3.3797
2.7737,1.3,0.9435,0.6484,0.0005,0.0017,0.0,0.3158,0.906,0.0173,0.106,0.433,0.287,2.2199,0.1248,0.0745,0.8905,2.8731
2.7737,1.35,0.9877,0.6559,0.0009,0.0011,0.0,0.279,0.8742,0.0173,0.835,0.436,0.41,2.8653,0.2544,0.5462,1.0746,3.6099
2.7737,1.4,1.0182,0.6011,0.0011,0.0005,0.0,0.1992,0.8509,0.0163,0.105,0.344,0.361,3.5879,0.3814,0.3623,0.4653,3.9734
2.7737,1.45,1.0052,0.5229,0.0008,0.0019,0.0,0.1396,0.8744,0.0167,1.058,0.666,0.343,3.2707,0.4579,0.1355,0.3579,3.8474
2.7737,1.5,0.9872,0.4726,0.0004,0.0032,0.0,0.2726,0.9308,0.009,1.307,0.417,0.376,2.1737,0.0905,0.2388,0.8321,3.1056
2.7737,1.55,1.0245,0.5343,0.0004,0.0015,0.0,0.3341,0.9381,0.006,1.376,1.146,0.294,1.9791,0.2621,0.0507,0.2799,3.1123
2.7737,1.6,1.094,0.5655,0.0002,0.0003,0.0,0.199,0.8918,0.0065,0.104,0.177,0.316,2.6524,0.0715,0.1743,0.6474,3.1597
2.7737,1.65,1.1175,0.5252,0.0004,0.0011,0.0,0.1198,0.8665,0.0052,0.0,0.955,0.393,2.7214,0.2632,0.0811,0.148,3.2955
2.7737,1.7,0.955,0.5037,0.0003,0.0005,0.0,0.2569,0.8956,0.0024,0.51,0.173,0.31,1.8812,0.0779,0.1939,0.0233,2.4501
2.7737,1.75,0.6938,0.5328,0.0004,0.0033,0.0,0.2819,0.9161,0.0042,0.733,0.27,0.332,1.4208,0.1173,0.1101,0.3282,2.1346
2.7737,1.8,0.5648,0.58,0.0005,0.0022,0.0,0.3195,0.9074,0.0059,0.623,0.0,0.364,1.6908,0.0533,0.1162,0.0131,2.2309
2.7737,1.85,0.6216,0.5809,0.0009,0.0006,0.0,0.29,0.8922,0.0025,0.103,0.0,0.34,1.5972,0.1053,0.0949,0.0518,2.0746
2.7737,1.9,0.6563,0.5742,0.0008,0.0017,0.0,0.1922,0.822,0.0036,0.206,0.091,0.291,1.6014,0.1039,0.0551,0.003,2.0462
2.7737,1.95,0.6976,0.5477,0.0009,0.0024,0.0,0.2983,0.7834,0.003,0.516,0.274,0.374,1.6248,0.2186,0.072,0.0011,2.1595
2.7737,2.0,0.7214,0.5613,0.0005,0.0037,0.0,0.2962,0.8207,0.0021,0.827,0.275,0.381,1.7925,0.0818,0.0287,0.053,2.3927
2.7737,2.05,0.778,0.5665,0.0004,0.0009,0.0002,0.2703,0.8329,0.0014,0.0,0.093,0.393,1.6025,0.205,0.0656,0.0236,2.1145
2.7737,2.1,0.8244,0.6028,0.0006,0.0014,0.0001,0.2427,0.8011,0.0002,0.205,0.093,0.371,1.5196,0.0819,0.0989,0.0266,2.0636
2.7737,2.15,0.7967,0.5775,0.0008,0.0008,0.0001,0.2819,0.7642,0.0008,0.41,0.094,0.376,1.4294,0.1627,0.0653,0.0151,2.006
2.7737,2.2,0.4216,0.5739,0.0009,0.0014,0.0002,0.2616,0.745,0.0036,0.412,0.095,0.382,1.312,0.0868,0.0281,0.05,1.7853
2.7737,2.25,0.1946,0.5931,0.001,0.0018,0.0003,0.2608,0.7334,0.0038,0.205,0.191,0.382,1.3732,0.122,0.0291,0.094,1.7692
2.7737,2.3,0.2395,0.5674,0.001,0.0056,0.0,0.2364,0.7056,0.0028,0.103,0.096,0.366,1.6383,0.1532,0.0037,0.0471,1.9485
2.7737,2.35,0.3029,0.5583,0.0009,0.0019,0.0002,0.2038,0.6604,0.0026,0.205,0.097,0.383,1.4876,0.1381,0.0332,0.052,1.8207
2.7737,2.4,0.3623,0.5714,0.0014,0.0028,0.0004,0.1639,0.6384,0.0015,0.102,0.0,0.373,1.2655,0.1462,0.016,0.0499,1.6332
2.7737,2.45,0.3963,0.5586,0.0012,0.0026,0.0002,0.1914,0.6235,0.0015,0.102,0.098,0.342,1.5601,0.1652,0.0218,0.0581,1.8699
2.7737,2.5,0.4341,0.5704,0.0009,0.0008,0.0014,0.1183,0.5942,0.0011,0.205,0.099,0.342,1.7469,0.0918,0.0254,0.1202,2.031
3.2435,1.15,1.224,0.7983,0.0002,0.0018,0.0002,0.31,0.013,0.0191,0.534,2.399,0.368,6.904,1.211,2.574,2.4483,8.3761
3.2435,1.2,1.0481,0.7268,0.0002,0.0032,0.0002,0.2424,0.0133,0.0161,1.116,0.886,0.397,5.3647,0.7246,0.0228,0.1495,5.7621
3.2435,1.25,1.0189,0.6531,0.0003,0.0045,0.0001,0.1577,0.0102,0.025,0.0,0.412,0.388,3.9434,0.1885,0.7519,0.332,4.2511
3.2435,1.3,1.0356,0.6521,0.0006,0.0029,0.0001,0.1255,0.0126,0.0311,0.31,0.429,0.26,3.2462,0.0997,0.162,0.4367,3.5535
3.2435,1.35,1.1189,0.6585,0.0007,0.0033,0.0003,0.0809,0.0133,0.0291,0.511,0.345,0.456,3.4798,0.2271,0.464,1.2823,4.0375
3.2435,1.4,1.1601,0.6331,0.0003,0.0022,0.0001,0.0256,0.0171,0.0296,0.0,0.256,0.311,3.573,0.4179,0.3251,0.4307,3.8914
3.2435,1.45,1.1238,0.5546,0.0007,0.0018,0.0,0.0784,0.0154,0.0266,0.729,0.661,0.368,3.1387,0.321,0.1248,0.1204,3.5589
3.2435,1.5,1.0194,0.5075,0.0013,0.0045,0.0002,0.1098,0.0108,0.0139,0.697,0.331,0.342,2.3891,0.1028,0.2659,0.7233,2.8868
3.2435,1.55,0.8205,0.5264,0.0012,0.0054,0.0005,0.1274,0.0051,0.0082,0.725,1.137,0.336,2.3954,0.1416,0.0628,0.085,2.944
3.2435,1.6,0.581,0.5426,0.0006,0.0015,0.0001,0.117,0.0057,0.005,0.0,0.176,0.333,2.8512,0.0855,0.2099,0.4202,3.024
3.2435,1.65,0.3602,0.51,0.0005,0.0006,0.0003,0.1598,0.0162,0.0037,0.613,0.862,0.371,2.4652,0.1247,0.0893,0.0566,2.7886
3.2435,1.7,0.2976,0.5053,0.0006,0.0053,0.0013,0.1017,0.0126,0.0012,0.604,0.172,0.345,1.9447,0.0627,0.1981,0.0404,2.1667
3.2435,1.75,0.3412,0.5307,0.0006,0.0041,0.0005,0.0949,0.0077,0.0039,0.205,0.268,0.294,1.8308,0.1212,0.1031,0.3443,2.0256
3.2435,1.8,0.4,0.5096,0.0005,0.0008,0.0002,0.0541,0.0041,0.0041,0.204,0.0,0.403,2.0963,0.2073,0.0993,0.0015,2.2526
3.2435,1.85,0.4677,0.5452,0.0006,0.0007,0.0004,0.0472,0.0046,0.0023,0.0,0.0,0.343,2.3684,0.0379,0.0207,0.1612,2.5046
3.2435,1.9,0.5362,0.5661,0.0008,0.0019,0.0013,0.0251,0.0114,0.0028,0.203,0.0,0.335,2.3093,0.1957,0.0461,0.0239,2.4771
3.2435,1.95,0.6116,0.5503,0.0006,0.0038,0.0025,0.0632,0.0089,0.007,0.812,0.181,0.353,2.3741,0.0908,0.0715,0.0289,2.6736
3.2435,2.0,0.6895,0.5472,0.0005,0.0057,0.0011,0.088,0.0047,0.0024,0.204,0.273,0.359,2.5395,0.0621,0.0192,0.1595,2.7398
3.2435,2.05,0.6145,0.5491,0.0008,0.0032,0.0133,0.0614,0.0071,0.002,0.306,0.092,0.304,2.4024,0.1305,0.0362,0.0416,2.5825
3.2435,2.1,0.3365,0.566,0.001,0.0012,0.0555,0.002,0.0066,0.0016,0.507,0.092,0.311,2.4372,0.1588,0.0311,0.021,2.6011
3.2435,2.15,0.0539,0.5578,0.0012,0.0041,0.0637,0.0614,0.0074,0.0026,0.406,0.0,0.352,2.4068,0.308,0.0854,0.0757,2.5517
3.2435,2.2,0.0246,0.5819,0.001,0.0035,0.102,0.0803,0.0085,0.0025,0.0,0.0,0.351,2.0271,0.0938,0.0062,0.0996,2.1465
3.2435,2.25,0.1333,0.593,0.0002,0.0021,0.2132,0.0285,0.0093,0.0012,0.304,0.095,0.397,1.8569,0.098,0.1023,0.0388,2.0358
3.2435,2.3,0.1643,0.5918,0.0007,0.0062,0.2463,0.0276,0.0074,0.0009,0.101,0.095,0.312,2.0352,0.1883,0.0615,0.0301,2.1766
3.2435,2.35,0.1988,0.5845,0.0012,0.0077,0.33,0.0989,0.0087,0.0008,0.202,0.0,0.304,2.2956,0.053,0.0401,0.0055,2.4305
3.2435,2.4,0.2198,0.5799,0.0008,0.0103,0.4216,0.0213,0.0092,0.0007,0.101,0.0,0.329,2.0683,0.224,0.0382,0.1259,2.242
3.2435,2.45,0.2167,0.5802,0.0005,0.0032,0.4455,0.0673,0.011,0.001,0.101,0.097,0.401,2.1191,0.1665,0.0522,0.04,2.2999
3.2435,2.5,0.06,0.5755,0.0019,0.0132,0.6054,0.1236,0.0111,0.0008,0.101,0.098,0.401,2.2002,0.0847,0.0345,0.0596,2.398
3.793,1.15,1.4162,0.7512,0.0002,0.0076,0.0045,0.3439,0.0009,0.0571,0.535,2.423,0.398,7.199,0.9232,2.4966,3.0206,8.7774
3.793,1.2,1.0969,0.7699,0.0006,0.001,0.0098,0.3293,0.0014,0.0467,1.431,0.972,0.184,6.8919,0.5699,0.2202,0.1839,7.269
3.793,1.25,1.1446,0.6949,0.0007,0.006,0.0481,0.2295,0.0008,0.0364,0.103,0.412,0.488,5.9983,0.1836,0.6412,0.842,6.277
3.793,1.3,1.0624,0.6305,0.0004,0.0019,0.0775,0.1745,0.0013,0.0266,0.104,0.341,0.302,5.4742,0.0129,0.1281,0.2217,5.6404
3.793,1.35,0.9481,0.5589,0.0002,0.0067,0.0941,0.1171,0.0005,0.0178,0.207,0.342,0.371,5.4418,0.1689,0.4475,1.264,5.7421
3.793,1.4,0.7616,0.55,0.0001,0.007,0.1091,0.1071,0.0008,0.0104,0.104,0.253,0.353,5.4925,0.3649,0.3107,0.48,5.6332
3.793,1.45,0.4854,0.5675,0.0003,0.0059,0.1593,0.1019,0.0006,0.0069,0.521,0.575,0.235,4.6532,0.2547,0.1229,0.4087,4.8115
3.793,1.5,0.2308,0.5671,0.0005,0.0068,0.2321,0.1464,0.0006,0.0024,0.699,0.33,0.354,3.4579,0.1654,0.281,1.0481,3.7862
3.793,1.55,0.1589,0.5849,0.0012,0.0086,0.3386,0.0473,0.0004,0.0007,1.247,1.129,0.423,3.2537,0.1321,0.1164,0.6911,3.8194
3.793,1.6,0.2496,0.583,0.0013,0.021,0.4182,0.1076,0.0006,0.0031,0.514,0.087,0.265,3.74,0.069,0.2079,0.6632,3.9251
3.793,1.65,0.2191,0.5336,0.0009,0.0178,0.3922,0.0247,0.0007,0.0025,0.103,0.942,0.312,3.7592,0.0526,0.1741,0.4537,3.9816
3.793,1.7,0.2226,0.517,0.0003,0.0083,0.4684,0.0697,0.0007,0.0006,0.301,0.171,0.344,3.3878,0.0982,0.1984,0.1815,3.5126
3.793,1.75,0.2225,0.5473,0.0001,0.0107,0.5433,0.0297,0.0005,0.0021,0.413,0.266,0.312,3.2318,0.164,0.1311,0.4373,3.4152
3.793,1.8,0.2703,0.5842,0.0006,0.0112,0.5359,0.0207,0.0002,0.0012,0.103,0.0,0.421,3.5577,0.1733,0.1286,0.1467,3.6899
3.793,1.85,0.3036,0.5842,0.0009,0.0171,0.5814,0.0877,0.0002,0.0053,0.0,0.09,0.414,3.7954,0.0231,0.0414,0.012,3.92
3.793,1.9,0.2357,0.5332,0.0009,0.0174,0.7212,0.112,0.0007,0.0032,0.305,0.0,0.376,3.6455,0.1886,0.0259,0.1279,3.8013
3.793,1.95,0.0653,0.5316,0.0009,0.0327,0.7409,0.0736,0.001,0.0013,0.102,0.18,0.314,3.6177,0.2147,0.0702,0.0738,3.7587
3.793,2.0,0.2805,0.5564,0.0007,0.0225,0.8009,0.093,0.0008,0.0035,0.102,0.181,0.366,3.1818,0.0434,0.0566,0.004,3.3682
3.793,2.05,0.3822,0.5716,0.0007,0.0227,0.8771,0.0596,0.0003,0.0033,0.102,0.091,0.336,3.141,0.1828,0.1768,0.0922,3.364
3.793,2.1,0.2541,0.582,0.0008,0.0283,0.9293,0.0593,0.0006,0.0023,0.102,0.092,0.329,3.1305,0.1563,0.0466,0.0983,3.3518
3.793,2.15,0.1614,0.5645,0.0005,0.0318,0.9378,0.0702,0.0004,0.0009,0.203,0.0,0.327,3.1148,0.085,0.074,0.1329,3.3333
3.793,2.2,0.1093,0.552,0.0012,0.0132,0.9429,0.0211,0.0002,0.0007,0.0,0.0,0.363,3.2974,0.1824,0.1034,0.0317,3.5008
3.793,2.25,0.1048,0.5488,0.0013,0.0238,1.0157,0.0287,0.0002,0.0002,0.203,0.094,0.367,3.4558,0.2256,0.0548,0.0363,3.678
3.793,2.3,0.1353,0.5564,0.0011,0.0235,0.9482,0.0275,0.0003,0.0013,0.203,0.0,0.356,3.2511,0.0287,0.0802,0.0185,3.4603
3.793,2.35,0.0811,0.5569,0.0011,0.015,0.9065,0.0546,0.0007,0.0003,0.0,0.095,0.358,3.264,0.2325,0.0263,0.0261,3.4624
3.793,2.4,0.2607,0.5467,0.0012,0.0256,0.8855,0.0273,0.0007,0.0005,0.203,0.0,0.337,3.018,0.1713,0.0527,0.1124,3.2342
3.793,2.45,0.4564,0.5635,0.001,0.0352,0.8939,0.0907,0.0003,0.0007,0.101,0.0,0.378,2.7322,0.0689,0.0363,0.0384,2.9933
3.793,2.5,0.3821,0.5194,0.0017,0.0163,0.8384,0.0572,0.0004,0.0011,0.407,0.097,0.378,2.8789,0.167,0.0321,0.1043,3.1254
4.4354,1.15,1.5813,0.7448,0.0003,0.0493,1.1288,0.3678,0.0003,0.0287,0.216,2.554,0.687,7.8771,0.5094,2.8331,4.5215,10.1138
4.4354,1.2,0.615,0.8528,0.0005,0.0518,1.0541,0.296,0.0004,0.0389,1.342,1.144,0.285,7.4791,0.6899,0.5771,0.6655,7.9176
4.4354,1.25,0.1995,0.8067,0.0011,0.0397,1.0392,0.151,0.0004,0.0315,0.831,0.577,0.411,7.2551,0.489,0.5646,1.2391,7.5972
4.4354,1.3,0.2727,0.7041,0.001,0.0593,0.9558,0.1012,0.0004,0.0108,0.104,0.425,0.445,6.6184,0.1882,0.3126,0.5063,6.7882
4.4354,1.35,0.3005,0.6539,0.0008,0.0638,0.968,0.1512,0.0003,0.0071,0.624,0.34,0.389,6.6586,0.0394,0.3501,1.0379,6.9048
4.4354,1.4,0.2701,0.6152,0.0003,0.0413,1.0276,0.2026,0.0004,0.0052,0.0,0.168,0.284,6.241,0.1472,0.3577,0.0819,6.3848
4.4354,1.45,0.2396,0.5748,0.0004,0.0227,1.0648,0.1956,0.0003,0.004,1.577,0.572,0.422,5.495,0.0508,0.2446,1.1612,6.0132
4.4354,1.5,0.162,0.5429,0.0007,0.0422,1.0774,0.1632,0.0003,0.0033,0.8,0.328,0.345,4.5483,0.071,0.2832,0.4633,4.8336
4.4354,1.55,0.1843,0.5734,0.0005,0.0658,1.1709,0.1287,0.0003,0.0034,1.044,1.035,0.212,4.3043,0.0755,0.1113,0.3487,4.7568
4.4354,1.6,0.2252,0.6176,0.0004,0.0534,1.2374,0.0989,0.0003,0.006,0.104,0.173,0.388,4.8824,0.0166,0.1739,0.503,5.1272
4.4354,1.65,0.2978,0.5781,0.0003,0.0319,1.1445,0.1588,0.0003,0.0031,0.826,0.852,0.32,4.3729,0.0293,0.0978,0.4979,4.7592
4.4354,1.7,0.3253,0.5654,0.0009,0.0335,1.0389,0.1566,0.0003,0.0011,0.101,0.17,0.24,4.0696,0.1485,0.2184,0.4649,4.2982
4.4354,1.75,0.2826,0.5755,0.0008,0.0457,1.0541,0.113,0.0003,0.0005,0.206,0.264,0.304,4.0096,0.1056,0.169,0.3171,4.2378
4.4354,1.8,0.1337,0.572,0.0009,0.0364,1.1407,0.0666,0.0003,0.0024,0.206,0.089,0.273,3.8526,0.0941,0.0486,0.0452,4.0783
4.4354,1.85,0.1856,0.566,0.0006,0.0127,1.071,0.04,0.0002,0.0044,0.102,0.0,0.387,3.7172,0.1158,0.0574,0.2876,3.9473
4.4354,1.9,0.239,0.5701,0.0002,0.0227,0.9862,0.061,0.0002,0.0056,0.0,0.089,0.295,3.7725,0.1623,0.0606,0.1447,3.9669
4.4354,1.95,0.1821,0.5892,0.0005,0.0475,1.058,0.078,0.0002,0.0021,0.204,0.179,0.301,3.6023,0.1076,0.1207,0.2313,3.8378
4.4354,2.0,0.1286,0.5872,0.001,0.0461,1.0781,0.0557,0.0002,0.0005,0.204,0.18,0.315,3.6546,0.2003,0.1427,0.1234,3.8902
4.4354,2.05,0.107,0.5505,0.0005,0.0287,1.019,0.0736,0.0002,0.002,0.102,0.091,0.39,3.713,0.2088,0.0642,0.2806,3.9297
4.4354,2.1,0.1086,0.5712,0.0006,0.0314,0.9884,0.0253,0.0002,0.001,0.102,0.091,0.358,3.6121,0.1459,0.0735,0.0263,3.8129
4.4354,2.15,0.0844,0.5781,0.0008,0.0528,1.0277,0.048,0.0002,0.0008,0.614,0.0,0.31,3.632,0.1844,0.0583,0.1521,3.8894
4.4354,2.2,0.1257,0.542,0.0008,0.048,1.0025,0.0057,0.0002,0.001,0.509,0.092,0.272,3.6581,0.2647,0.0763,0.1611,3.8913
4.4354,2.25,0.1779,0.5502,0.0004,0.0448,0.8353,0.0555,0.0002,0.001,0.102,0.093,0.324,3.1777,0.1858,0.0877,0.0368,3.3619
4.4354,2.3,0.3151,0.5486,0.0018,0.0695,0.7996,0.0225,0.0002,0.0011,0.203,0.094,0.316,3.0354,0.1871,0.0306,0.0644,3.2324
4.4354,2.35,0.4211,0.5676,0.0015,0.0682,0.8846,0.0569,0.0002,0.0022,0.0,0.094,0.305,2.6811,0.2374,0.0486,0.0565,2.9397
4.4354,2.4,0.432,0.561,0.001,0.0662,0.8736,0.0561,0.0001,0.0031,0.305,0.0,0.317,2.7882,0.099,0.0301,0.0333,3.0416
4.4354,2.45,0.461,0.5602,0.0007,0.0677,0.8285,0.0532,0.0001,0.0039,0.102,0.0,0.299,3.1037,0.2799,0.0294,0.0527,3.3219
4.4354,2.5,0.5112,0.5478,0.0012,0.0429,0.9256,0.0294,0.0001,0.0075,0.102,0.096,0.299,2.7563,0.2251,0.0322,0.0351,3.0299
5.1868,1.15,2.4441,0.7072,0.0005,0.0649,1.098,0.2418,0.0,0.0115,0.107,2.7,0.463,8.8814,0.1458,2.5022,4.5454,11.0036
5.1868,1.2,1.3306,0.7471,0.0009,0.0317,1.1499,0.1689,0.0,0.008,0.514,1.239,0.472,7.3186,0.2738,0.8911,0.7488,7.7907
5.1868,1.25,1.0106,0.7277,0.0006,0.0382,1.2141,0.1978,0.0,0.0133,0.104,0.662,0.353,6.6986,0.2992,0.3311,1.0059,7.0514
5.1868,1.3,0.895,0.6943,0.001,0.0382,1.1687,0.2614,0.0,0.0013,0.52,0.423,0.264,5.676,0.3459,0.1479,0.6367,6.0001
5.1868,1.35,0.8421,0.675,0.0022,0.0397,1.1816,0.2683,0.0,0.007,0.104,0.338,0.25,5.5285,0.4441,0.2573,0.9154,5.8726
5.1868,1.4,0.7981,0.6188,0.0013,0.0505,1.1464,0.1327,0.0,0.0077,0.418,0.167,0.3,5.2172,0.2364,0.2248,0.1378,5.4765
5.1868,1.45,0.5404,0.5554,0.0014,0.04,1.1201,0.0153,0.0,0.0093,1.052,0.57,0.34,5.6099,0.1898,0.073,1.294,6.0491
5.1868,1.5,0.3786,0.5849,0.0003,0.0244,1.1482,0.0201,0.0,0.0064,0.803,0.245,0.301,5.4331,0.3849,0.2164,0.4753,5.7044
5.1868,1.55,0.2667,0.595,0.0006,0.0334,1.0342,0.0536,0.0,0.0023,0.104,1.117,0.277,4.8267,0.3301,0.1561,0.404,5.1408
5.1868,1.6,0.2316,0.5837,0.0011,0.0606,0.9195,0.0362,0.0,0.0014,0.207,0.172,0.3,4.3961,0.1773,0.1195,0.0591,4.5587
5.1868,1.65,0.2453,0.5345,0.0004,0.0471,0.9331,0.0745,0.0,0.0005,0.93,0.763,0.34,4.5875,0.0406,0.1351,0.4609,4.9056
5.1868,1.7,0.3209,0.5077,0.0008,0.0126,1.0004,0.1339,0.0,0.0023,0.503,0.169,0.268,4.3793,0.1817,0.1027,0.481,4.6028
5.1868,1.75,0.3033,0.5069,0.0011,0.0148,1.0801,0.1343,0.0001,0.003,0.207,0.087,0.329,4.1926,0.1871,0.1401,0.1881,4.4
5.1868,1.8,0.2779,0.5262,0.0007,0.0484,1.0358,0.1532,0.0001,0.0009,0.514,0.0,0.335,3.949,0.1317,0.1061,0.1111,4.1791
5.1868,1.85,0.2448,0.5439,0.0001,0.1041,1.0324,0.077,0.0002,0.0013,0.103,0.088,0.33,4.2197,0.2392,0.1037,0.3756,4.425
5.1868,1.9,0.2262,0.5845,0.0007,0.075,1.0357,0.0304,0.0004,0.0008,0.205,0.089,0.234,4.6441,0.2484,0.1193,0.261,4.8258
5.1868,1.95,0.2026,0.6101,0.0019,0.0886,0.9959,0.0141,0.0001,0.0017,0.103,0.178,0.274,3.9375,0.2757,0.0467,0.0571,4.1371
5.1868,2.0,0.2056,0.5583,0.0011,0.0366,1.015,0.0613,0.0001,0.0018,0.0,0.179,0.357,3.6144,0.2437,0.1181,0.2101,3.838
5.1868,2.05,0.3439,0.5393,0.0003,0.0416,1.1143,0.0589,0.0001,0.0027,0.102,0.18,0.33,3.6468,0.1439,0.0507,0.2849,3.9002
5.1868,2.1,0.4025,0.5393,0.001,0.0589,1.0742,0.1021,0.0,0.0024,0.512,0.09,0.292,3.5144,0.1665,0.1004,0.3773,3.8088
5.1868,2.15,0.5315,0.561,0.001,0.0666,0.9853,0.0377,0.0,0.0027,0.408,0.091,0.345,3.5424,0.2092,0.0753,0.0354,3.8035
5.1868,2.2,0.5605,0.5469,0.0009,0.0765,1.0653,0.0808,0.0,0.0031,0.205,0.092,0.29,3.3854,0.3457,0.145,0.3624,3.6916
5.1868,2.25,0.6028,0.5174,0.0008,0.0549,1.1018,0.1093,0.0,0.0035,0.409,0.092,0.319,3.4193,0.484,0.025,0.2621,3.7593
5.1868,2.3,0.4824,0.4975,0.0008,0.0488,1.0941,0.0352,0.0001,0.0061,0.102,0.093,0.312,3.3506,0.1181,0.0148,0.3181,3.6248
5.1868,2.35,0.5002,0.562,0.001,0.0764,1.0097,0.0281,0.0002,0.0103,0.307,0.0,0.294,3.0462,0.213,0.0327,0.1405,3.3344
5.1868,2.4,0.5267,0.5624,0.0013,0.0676,0.9708,0.0355,0.0,0.0109,0.102,0.0,0.327,2.9445,0.1933,0.0681,0.2732,3.2321
5.1868,2.45,0.5637,0.5228,0.0015,0.0589,0.9483,0.0601,0.0003,0.0033,0.0,0.0,0.299,2.513,0.2858,0.1177,0.2766,2.8415
5.1868,2.5,0.6277,0.5445,0.0021,0.0803,0.9671,0.021,0.0,0.0161,0.0,0.096,0.299,2.3741,0.3054,0.0238,0.1351,2.735
6.0653,1.15,2.9682,0.6687,0.0006,0.1435,1.3588,0.1154,0.0,0.011,0.214,2.863,0.463,5.694,0.46,2.3945,2.2505,7.9389
6.0653,1.2,1.7148,0.7435,0.0002,0.1455,1.1625,0.0189,0.0,0.0121,0.828,1.508,0.472,6.8099,0.344,1.2157,0.7207,7.5193
6.0653,1.25,1.1745,0.7828,0.0006,0.0583,1.2132,0.1534,0.0,0.0191,0.312,0.748,0.353,6.3387,0.0835,0.2494,0.2236,6.6762
6.0653,1.3,0.8412,0.7925,0.0009,0.0721,1.1673,0.1051,0.0,0.0165,0.104,0.338,0.264,7.0498,0.2454,0.0155,1.3764,7.3868
6.0653,1.35,0.4398,0.7158,0.0004,0.0911,1.2225,0.0635,0.0,0.0119,0.623,0.253,0.25,6.5913,0.4231,0.5575,0.7889,6.8764
6.0653,1.4,0.5698,0.6327,0.0001,0.111,1.1555,0.2142,0.0,0.0068,0.105,0.25,0.3,5.4595,0.1589,0.5269,0.0837,5.6919
6.0653,1.45,0.4547,0.5797,0.0005,0.1379,1.1561,0.2171,0.0,0.0021,1.584,0.569,0.34,5.2954,0.2673,0.3865,1.2878,5.9004
6.0653,1.5,0.3627,0.5244,0.0007,0.0885,1.1088,0.0478,0.0,0.0019,1.202,0.326,0.301,5.3739,0.1693,0.2689,0.7624,5.7314
6.0653,1.55,0.2484,0.5618,0.0014,0.0345,1.0563,0.0402,0.0,0.0018,0.523,1.027,0.277,5.2221,0.3375,0.1961,0.4822,5.5278
6.0653,1.6,0.251,0.6178,0.0003,0.0674,1.0544,0.0263,0.0,0.0017,0.208,0.172,0.3,4.975,0.3792,0.1083,0.3846,5.1748
6.0653,1.65,0.2505,0.5797,0.0006,0.0843,1.065,0.028,0.0,0.0006,0.0,0.676,0.34,4.5491,0.5656,0.3649,1.0889,4.9443
6.0653,1.7,0.2004,0.5689,0.0006,0.081,1.0843,0.0538,0.0,0.0034,0.305,0.168,0.268,4.3801,0.4016,0.1815,0.8925,4.6817
6.0653,1.75,0.103,0.5866,0.0008,0.1011,1.1975,0.1178,0.0,0.0017,0.0,0.087,0.329,3.9749,0.1257,0.1643,0.1015,4.2168
6.0653,1.8,0.1706,0.575,0.0016,0.0753,1.2092,0.1215,0.0,0.0042,0.206,0.0,0.335,3.8402,0.2263,0.178,0.3307,4.1154
6.0653,1.85,0.2013,0.5278,0.0002,0.0544,1.1284,0.0708,0.0,0.0031,0.308,0.088,0.33,3.6781,0.9187,0.0652,0.3204,4.0362
6.0653,1.9,0.3059,0.5287,0.0002,0.0773,1.0964,0.039,0.0,0.0016,0.0,0.177,0.234,3.9963,0.4798,0.0185,0.2865,4.237
6.0653,1.95,0.4103,0.5489,0.0004,0.0913,1.0385,0.04,0.0,0.0033,0.103,0.177,0.274,3.8763,0.1037,0.042,0.3445,4.1027
6.0653,2.0,0.4576,0.5417,0.0009,0.0921,1.0983,0.024,0.0,0.0056,0.0,0.266,0.357,3.4049,0.2357,0.0435,0.2416,3.6913
6.0653,2.05,0.4189,0.5052,0.0012,0.1096,1.1366,0.0252,0.0,0.007,0.206,0.178,0.33,3.3615,0.4322,0.1488,0.3613,3.682
6.0653,2.1,0.4322,0.4886,0.0015,0.0836,1.0347,0.0626,0.0,0.0092,0.102,0.089,0.292,3.1525,0.3708,0.0403,0.1206,3.4209
6.0653,2.15,0.4994,0.4977,0.0012,0.0905,1.0293,0.0791,0.0,0.0132,0.204,0.0,0.345,3.1071,0.4281,0.0369,0.1838,3.4065
6.0653,2.2,0.4839,0.5164,0.0008,0.1519,1.091,0.0321,0.0,0.0118,0.102,0.0,0.29,2.3898,0.3032,0.022,0.0061,2.7592
6.0653,2.25,0.5056,0.4944,0.0012,0.1484,0.9925,0.065,0.0001,0.0117,0.307,0.091,0.319,2.0544,0.196,0.0623,0.0505,2.4456
6.0653,2.3,0.6426,0.5431,0.0008,0.1446,1.0047,0.0686,0.0,0.0243,0.0,0.0,0.312,2.2019,0.2861,0.0633,0.0442,2.6033
6.0653,2.35,0.7667,0.5326,0.0013,0.111,1.022,0.0266,0.0,0.0457,0.102,0.093,0.294,2.5207,0.7818,0.1253,0.0243,3.003
6.0653,2.4,0.8549,0.4918,0.0009,0.0746,0.9284,0.0166,0.0,0.0505,0.0,0.0,0.327,2.6956,0.1992,0.0136,0.1305,3.0452
6.0653,2.45,0.945,0.4821,0.0011,0.0493,0.9416,0.0429,0.0,0.0444,0.204,0.187,0.299,3.2732,0.1663,0.0572,0.2323,3.6032
6.0653,2.5,1.0784,0.5078,0.0024,0.0545,0.9093,0.0663,0.0001,0.0261,0.409,0.188,0.299,3.4967,0.2118,0.2176,0.2105,3.8615
7.0927,1.15,3.3613,0.7974,0.0098,0.2608,0.9527,0.3021,0.0,0.0037,0.428,3.04,0.463,6.5622,0.6134,2.1584,4.8435,9.7055
7.0927,1.2,2.2577,0.9107,0.0005,0.139,1.1272,0.2705,0.0,0.0083,0.623,1.787,0.472,6.5188,0.6276,1.498,0.183,7.5007
7.0927,1.25,1.1485,0.8479,0.0019,0.1474,1.2676,0.1636,0.0,0.0118,0.104,0.753,0.353,7.2936,0.5463,0.8612,0.8415,7.7033
7.0927,1.3,0.7863,0.754,0.0003,0.0523,1.0647,0.1798,0.0,0.0107,0.105,0.423,0.264,6.9948,1.6194,0.7025,1.4825,7.5403
7.0927,1.35,0.4384,0.7031,0.0015,0.04,1.0143,0.069,0.0001,0.0092,0.0,0.252,0.25,7.4819,1.5315,0.5344,1.5006,7.9189
7.0927,1.4,0.5381,0.5847,0.0004,0.0968,1.0139,0.0989,0.0001,0.0005,0.315,0.166,0.3,6.5043,1.0932,0.6267,1.5258,6.9367
7.0927,1.45,0.516,0.5669,0.0018,0.1378,0.9783,0.207,0.0001,0.0008,0.738,0.487,0.34,6.4791,0.7127,0.4757,0.4543,6.7397
7.0927,1.5,0.3988,0.5901,0.0026,0.1309,0.9552,0.2379,0.0001,0.0013,0.908,0.326,0.301,5.8148,0.1852,0.1134,0.643,6.0652
7.0927,1.55,0.4999,0.5915,0.0019,0.1691,0.9544,0.1464,0.0,0.0019,0.734,0.939,0.277,5.4878,0.1057,0.0439,0.736,5.8076
7.0927,1.6,0.6524,0.5717,0.0006,0.1502,1.1149,0.0187,0.0,0.0032,0.104,0.171,0.3,5.3792,0.3798,0.1789,0.5523,5.6183
7.0927,1.65,0.6682,0.4961,0.0013,0.1242,1.3022,0.0534,0.0,0.0043,0.208,0.676,0.34,5.0416,0.6333,0.1339,0.8702,5.4421
7.0927,1.7,0.5748,0.4712,0.0017,0.1103,1.2491,0.0246,0.0001,0.0056,0.406,0.168,0.268,4.7527,0.4906,0.193,0.2041,5.0297
7.0927,1.75,0.6667,0.4824,0.0013,0.1294,1.1258,0.0262,0.0002,0.0069,0.207,0.087,0.329,4.735,0.1468,0.1483,0.2424,4.9642
7.0927,1.8,0.6334,0.5033,0.001,0.1858,1.0323,0.0652,0.0002,0.0092,0.0,0.088,0.335,4.5025,0.0964,0.2204,0.1797,4.7161
7.0927,1.85,0.5658,0.5238,0.0004,0.2171,1.053,0.1236,0.0004,0.0148,0.103,0.088,0.33,4.4089,0.4866,0.1386,0.108,4.6475
7.0927,1.9,0.6681,0.5168,0.0024,0.1781,1.0942,0.0397,0.0005,0.0154,0.103,0.177,0.234,4.8454,0.6415,0.3249,0.0029,5.1025
7.0927,1.95,0.8092,0.4727,0.0029,0.1373,1.0562,0.063,0.0007,0.0121,0.411,0.177,0.274,4.4502,0.6488,0.0522,0.2184,4.7506
7.0927,2.0,0.8776,0.4474,0.0023,0.1161,1.0135,0.0687,0.0009,0.0079,0.0,0.266,0.357,4.4234,0.5349,0.0144,0.3062,4.7075
7.0927,2.05,0.8881,0.4764,0.0022,0.1334,0.9442,0.0169,0.0012,0.0201,0.103,0.178,0.33,3.9347,0.2746,0.0154,0.0502,4.1996
7.0927,2.1,1.0111,0.4707,0.0026,0.1423,0.8523,0.0946,0.0015,0.0176,0.205,0.089,0.292,4.1411,0.4579,0.126,0.4217,4.437
7.0927,2.15,1.1771,0.457,0.0016,0.1351,0.9024,0.0895,0.0018,0.0289,0.0,0.0,0.345,3.9646,0.6434,0.1316,0.1596,4.3278
7.0927,2.2,1.2466,0.4696,0.0014,0.1352,0.942,0.0592,0.002,0.0473,0.103,0.091,0.29,3.6236,0.3339,0.0511,0.2031,4.0093
7.0927,2.25,1.2916,0.4562,0.0023,0.1664,0.9193,0.0678,0.0022,0.0453,0.103,0.0,0.319,3.4454,0.5206,0.2105,0.1915,3.8847
7.0927,2.3,1.3237,0.4154,0.0011,0.1872,0.8644,0.0384,0.0023,0.0318,0.307,0.0,0.312,3.0667,0.6552,0.2079,0.2791,3.5855
7.0927,2.35,1.4281,0.3867,0.002,0.1752,0.8994,0.0273,0.0026,0.0055,0.102,0.092,0.294,2.754,0.4279,0.2817,0.0192,3.3139
7.0927,2.4,1.5126,0.3786,0.0019,0.1525,0.8911,0.0749,0.0029,0.0123,0.204,0.0,0.327,2.4505,0.3768,0.1719,0.349,3.1147
7.0927,2.45,1.6965,0.3808,0.0016,0.1797,0.8617,0.0172,0.0033,0.0154,0.102,0.093,0.299,2.821,0.3955,0.0669,0.3346,3.4839
7.0927,2.5,1.7883,0.403,0.0005,0.172,0.8267,0.0221,0.0036,0.0272,0.0,0.094,0.299,2.6696,0.6555,0.1104,0.0955,3.4279
8.2941,1.15,2.8862,0.9208,0.0152,0.4007,1.3385,0.3168,0.001,0.0346,0.644,3.344,0.463,12.5886,0.5582,1.3412,1.6028,13.6454
8.2941,1.2,1.089,1.0165,0.0065,0.1083,1.2501,0.1442,0.0015,0.0307,0.521,1.993,0.472,13.0027,1.3412,1.571,1.2593,13.5353
8.2941,1.25,1.0653,0.9958,0.0008,0.1221,1.1817,0.2536,0.0016,0.0208,0.0,0.929,0.353,12.512,0.3767,1.6857,0.3884,12.817
8.2941,1.3,1.3144,0.947,0.0009,0.0806,1.2014,0.3044,0.002,0.0049,0.0,0.424,0.264,11.689,1.1639,0.8384,0.8036,11.9897
8.2941,1.35,0.7956,0.7993,0.0022,0.2083,0.9114,0.132,0.0025,0.0056,0.418,0.253,0.25,10.3459,0.7921,0.5195,0.4745,10.5178
8.2941,1.4,0.6443,0.5951,0.0031,0.2119,0.9157,0.1184,0.0027,0.0072,0.421,0.166,0.3,10.1692,0.7923,0.4086,0.8711,10.3406
8.2941,1.45,0.8095,0.468,0.002,0.1957,0.9678,0.1876,0.0031,0.008,1.06,0.488,0.34,9.8938,1.1001,0.4144,0.34,10.1364
8.2941,1.5,0.6419,0.4515,0.0014,0.1557,1.0381,0.137,0.0036,0.0131,0.609,0.245,0.301,8.6113,0.7005,0.1562,0.6548,8.7953
8.2941,1.55,0.7673,0.488,0.0044,0.2138,1.0387,0.0832,0.0038,0.0282,0.736,0.939,0.277,7.6924,0.7346,0.1921,1.1665,8.0355
8.2941,1.6,0.8818,0.4765,0.0012,0.2112,1.0859,0.1007,0.0037,0.0275,0.0,0.086,0.3,7.0743,0.9846,0.1396,1.3325,7.4261
8.2941,1.65,0.7758,0.4796,0.0009,0.2826,0.9528,0.0349,0.0036,0.0345,0.0,0.676,0.34,6.5842,1.0716,0.1927,0.5117,6.8698
8.2941,1.7,0.8923,0.5021,0.0008,0.3004,0.9002,0.0294,0.0027,0.0254,0.0,0.168,0.268,6.2289,0.8576,0.396,0.5439,6.4837
8.2941,1.75,1.2717,0.4813,0.0021,0.3094,0.8737,0.0409,0.0018,0.0098,0.0,0.087,0.329,5.6424,0.5758,0.3578,0.1065,5.9273
8.2941,1.8,1.4358,0.4702,0.0018,0.2405,0.8876,0.0982,0.0003,0.0413,0.0,0.0,0.335,4.9145,0.5538,0.276,0.5817,5.3033
8.2941,1.85,1.6306,0.4531,0.0014,0.1906,0.9418,0.1442,0.0013,0.0476,0.207,0.088,0.33,4.3192,0.8782,0.0573,0.7577,4.8963
8.2941,1.9,1.6481,0.4247,0.0033,0.156,1.0336,0.0963,0.0034,0.0543,0.103,0.177,0.234,3.8253,1.1426,0.0823,0.6684,4.5266
8.2941,1.95,1.6815,0.421,0.0043,0.1635,1.0357,0.0494,0.0048,0.0264,0.516,0.177,0.274,3.2911,0.9441,0.0947,0.4932,4.0565
8.2941,2.0,1.7266,0.4076,0.0007,0.1286,0.9997,0.0147,0.0089,0.0461,0.103,0.266,0.357,3.153,0.8333,0.1392,0.3466,3.8923
8.2941,2.05,1.7469,0.3702,0.0017,0.1542,0.985,0.0266,0.0107,0.0387,0.414,0.178,0.33,3.2894,0.6193,0.0585,0.2427,3.9703
8.2941,2.1,1.7151,0.3825,0.0015,0.1465,0.9697,0.0389,0.0165,0.0227,0.309,0.09,0.292,3.3631,0.5895,0.0624,0.0502,3.9881
8.2941,2.15,1.5385,0.3852,0.0003,0.0956,0.978,0.0622,0.0221,0.0026,0.103,0.0,0.345,3.3876,0.7053,0.0096,0.1609,3.9515
8.2941,2.2,1.4782,0.3839,0.0002,0.0837,0.9415,0.0287,0.0223,0.0378,0.31,0.0,0.29,3.3523,0.9574,0.1217,0.0598,3.9474
8.2941,2.25,1.5416,0.3933,0.0011,0.1356,0.9288,0.0121,0.0215,0.0459,0.411,0.0,0.319,3.1898,0.9001,0.1383,0.3381,3.8476
8.2941,2.3,1.5859,0.3938,0.003,0.1443,0.8684,0.0326,0.0245,0.0323,0.31,0.0,0.312,3.2182,0.7041,0.3396,0.1962,3.8272
8.2941,2.35,1.6269,0.4172,0.0022,0.1287,0.8902,0.0329,0.0388,0.0342,0.103,0.0,0.294,3.3934,0.4829,0.1668,0.0268,3.938
8.2941,2.4,1.7325,0.4277,0.0013,0.1152,0.8569,0.0221,0.0499,0.0393,0.103,0.093,0.327,3.456,0.27,0.0959,0.1861,4.0154
8.2941,2.45,1.8622,0.4308,0.0024,0.0935,0.7913,0.0335,0.0581,0.0486,0.307,0.0,0.299,3.0666,0.4242,0.0167,0.1596,3.7535
8.2941,2.5,2.0071,0.4585,0.0039,0.0641,0.7294,0.0642,0.0793,0.037,0.102,0.094,0.299,2.7147,0.6767,0.0207,0.0973,3.5683
9.6991,1.15,4.5568,0.7269,0.0073,0.3895,1.0767,0.3811,0.0061,0.1999,0.854,3.452,0.463,9.8378,2.5797,2.2368,0.9594,12.042
9.6991,1.2,3.8653,0.8372,0.0067,0.4673,0.7372,0.3409,0.0112,0.06,0.726,2.116,0.472,11.6076,1.2567,0.8517,2.6045,12.8676
9.6991,1.25,2.8522,0.8363,0.0121,0.2567,0.9519,0.1741,0.0398,0.0648,0.0,1.024,0.353,12.925,2.513,1.4838,1.3142,13.7228
9.6991,1.3,1.9223,0.8147,0.0152,0.3445,0.9312,0.1477,0.0355,0.0866,0.209,0.513,0.264,12.0488,2.2513,1.5753,3.6525,13.1079
9.6991,1.35,1.4844,0.7917,0.0121,0.191,0.6671,0.1251,0.0604,0.0848,0.104,0.254,0.25,10.6659,1.9475,0.9288,1.4201,11.1315
9.6991,1.4,0.7178,0.6602,0.0114,0.0122,0.8753,0.0675,0.0523,0.103,0.105,0.167,0.3,10.9405,1.2649,0.6479,4.232,11.8949
9.6991,1.45,0.698,0.6476,0.0039,0.0716,0.8845,0.1155,0.0911,0.0286,0.954,0.409,0.34,8.9728,1.3315,0.5208,2.0304,9.4651
9.6991,1.5,0.7453,0.5782,0.0024,0.1095,0.9409,0.1201,0.0842,0.0423,0.609,0.328,0.301,8.3444,1.1192,0.2144,3.4153,9.218
9.6991,1.55,0.8773,0.5829,0.0039,0.1985,0.8768,0.0216,0.1068,0.0277,0.839,0.855,0.277,8.2599,1.1837,0.4899,0.262,8.5661
9.6991,1.6,0.9683,0.5285,0.0005,0.2268,0.7668,0.0078,0.1138,0.0512,0.0,0.086,0.3,6.9232,1.6149,0.3134,1.1851,7.3492
9.6991,1.65,1.0342,0.4917,0.0028,0.1998,0.8661,0.0626,0.1301,0.0702,0.209,0.679,0.34,6.4228,1.6574,0.5569,1.8265,7.0988
9.6991,1.7,0.9409,0.4514,0.0028,0.1593,0.8788,0.0493,0.1855,0.0861,0.204,0.169,0.268,5.1525,1.221,0.2068,1.7123,5.7521
9.6991,1.75,0.8863,0.4621,0.0021,0.1148,0.9296,0.094,0.1887,0.0692,0.312,0.087,0.329,4.5956,0.9351,0.017,2.5406,5.5306
9.6991,1.8,0.9214,0.5121,0.0049,0.1084,0.82,0.0697,0.2328,0.0341,0.208,0.0,0.335,4.7308,1.0425,0.0777,0.5809,5.0815
9.6991,1.85,0.8031,0.5137,0.0029,0.098,0.7481,0.0519,0.2475,0.0429,0.312,0.088,0.33,4.2197,1.2888,0.0427,1.0491,4.7252
9.6991,1.9,0.9372,0.451,0.0009,0.0854,0.6959,0.0501,0.27,0.0624,0.104,0.178,0.234,4.5837,1.1978,0.1541,0.9761,5.0171
9.6991,1.95,0.8449,0.4275,0.0014,0.0664,0.6756,0.1131,0.2864,0.0666,0.0,0.178,0.274,4.145,1.0547,0.1483,1.8601,4.831
9.6991,2.0,0.9257,0.449,0.0028,0.0563,0.6172,0.0789,0.2944,0.0549,0.0,0.268,0.357,4.2293,1.1844,0.1634,0.2911,4.5977
9.6991,2.05,1.0379,0.4695,0.0034,0.0283,0.5031,0.0509,0.2621,0.0562,0.207,0.179,0.33,3.9845,1.5942,0.3421,0.4489,4.5328
9.6991,2.1,1.178,0.5013,0.0037,0.0662,0.4082,0.0106,0.1335,0.015,0.207,0.09,0.292,3.9858,1.6859,0.1802,1.0184,4.6651
9.6991,2.15,1.3323,0.487,0.0027,0.0841,0.3529,0.0174,0.1231,0.0317,0.103,0.0,0.345,4.3448,1.3999,0.0589,0.1026,4.8105
9.6991,2.2,1.4577,0.4525,0.0021,0.0722,0.2471,0.0256,0.3162,0.0353,0.206,0.0,0.29,4.2488,0.7432,0.035,0.3048,4.6177
9.6991,2.25,1.6818,0.4896,0.0029,0.0605,0.1528,0.0226,0.2346,0.0435,0.413,0.0,0.319,4.3547,0.8518,0.1005,0.2629,4.8159
9.6991,2.3,1.6915,0.5716,0.0025,0.0854,0.1547,0.0391,0.3471,0.047,0.206,0.0,0.312,4.8476,1.607,0.1512,0.6587,5.4792
9.6991,2.35,1.6025,0.5944,0.0042,0.101,0.1509,0.083,0.1534,0.0402,0.206,0.0,0.294,5.1039,1.7101,0.4048,1.3332,5.8336
9.6991,2.4,1.4281,0.5658,0.0044,0.0786,0.0819,0.0325,0.2128,0.0093,0.206,0.094,0.327,4.9345,1.4437,0.2887,0.4247,5.4106
9.6991,2.45,1.3279,0.5122,0.0015,0.0333,0.0277,0.0574,0.0882,0.0201,0.308,0.094,0.299,4.8043,1.4276,0.1261,0.9508,5.3171
9.6991,2.5,1.1599,0.4702,0.0032,0.0432,0.0151,0.1011,0.1706,0.0299,0.402,0.095,0.299,5.3598,0.7182,0.1033,1.3362,5.7366
