Q2,W,BCC_iter3_reversed,RC_iter3_reversed,ET,Combination
2.7596,1.15,1.101,0.882,0.955,0.9834390916524042
2.7596,1.2,1.031,0.776,0.967,1.2086653934224605
2.7596,1.25,1.053,0.803,0.968,1.1448047977728344
2.7596,1.3,1.056,0.845,0.963,1.0792092522861754
2.7596,1.35,1.054,0.853,0.966,1.0744531522853817
2.7596,1.4,1.049,0.841,0.964,1.092711591017548
2.7596,1.45,1.05,0.82,0.97,1.126596980255517
2.7596,1.5,1.014,0.819,0.971,1.169223062714187
2.7596,1.55,1.046,0.858,0.968,1.078589988723832
2.7596,1.6,1.042,0.876,0.966,1.0582914837115136
2.7596,1.65,1.045,0.862,0.971,1.0779426947457231
2.7596,1.7,1.018,0.851,0.969,1.1185269150589043
2.7596,1.75,1.045,0.887,0.969,1.045403300194732
2.7596,1.8,1.037,0.9,0.966,1.0350369656059146
2.7596,1.85,1.031,0.896,0.967,1.046790563946238
2.7596,1.9,1.029,0.898,0.967,1.0464892288445764
2.7596,1.95,1.029,0.903,0.967,1.0406947148421146
2.7596,2.0,1.034,0.91,0.966,1.0266329415265585
2.7596,2.05,1.028,0.917,0.965,1.0236815194191853
2.7596,2.1,1.026,0.924,0.965,1.0179067196611056
2.7596,2.15,1.028,0.932,0.966,1.0082496952288704
2.7596,2.2,1.032,0.941,0.964,0.9926764369094399
2.7596,2.25,1.024,0.948,0.964,0.9930445675105486
2.7596,2.3,1.027,0.954,0.964,0.9839164365077908
2.7596,2.35,1.028,0.961,0.965,0.9768116059390145
2.7596,2.4,1.024,0.969,0.964,0.9715234778121774
2.7596,2.45,1.025,0.978,0.963,0.9606464162801138
2.7596,2.5,1.022,0.986,0.963,0.9556491467630982
3.24,1.15,1.071,0.889,0.95,0.9977744378591332
3.24,1.2,1.007,0.779,0.957,1.2199583658931765
3.24,1.25,1.027,0.801,0.965,1.1730711488925114
3.24,1.3,1.033,0.839,0.964,1.1122815964702368
3.24,1.35,1.036,0.844,0.967,1.105921425826639
3.24,1.4,1.031,0.833,0.963,1.1213020610766131
3.24,1.45,1.031,0.814,0.965,1.1498580848726339
3.24,1.5,1.004,0.814,0.969,1.185674990455867
3.24,1.55,1.029,0.85,0.968,1.1067284056479736
3.24,1.6,1.027,0.867,0.967,1.0860177738544872
3.24,1.65,1.026,0.855,0.969,1.1046133853151396
3.24,1.7,1.005,0.845,0.968,1.1398628160970297
3.24,1.75,1.026,0.878,0.966,1.0723467743009762
3.24,1.8,1.026,0.892,0.966,1.0555162195473737
3.24,1.85,1.02,0.889,0.965,1.0642052096429122
3.24,1.9,1.014,0.89,0.967,1.0715156350419963
3.24,1.95,1.016,0.896,0.967,1.0622451490438694
3.24,2.0,1.02,0.902,0.964,1.0477805312812485
3.24,2.05,1.02,0.908,0.966,1.0430163254729203
3.24,2.1,1.014,0.915,0.964,1.039005830935213
3.24,2.15,1.017,0.922,0.968,1.032341730708114
3.24,2.2,1.011,0.93,0.964,1.0252810482541506
3.24,2.25,1.015,0.938,0.966,1.0146312771119772
3.24,2.3,1.012,0.943,0.964,1.0101475821426027
3.24,2.35,1.009,0.95,0.965,1.0067289134630433
3.24,2.4,1.012,0.958,0.963,0.9932996113444511
3.24,2.45,1.009,0.966,0.967,0.9921062405226667
3.24,2.5,1.01,0.975,0.967,0.981975120588982
3.785,1.15,1.078,0.898,0.953,0.984459384077583
3.785,1.2,1.019,0.783,0.963,1.2069529513947639
3.785,1.25,1.028,0.801,0.965,1.1719300290978687
3.785,1.3,1.035,0.834,0.961,1.1133122487517233
3.785,1.35,1.038,0.836,0.966,1.1132007633376664
3.785,1.4,1.035,0.825,0.966,1.1313131313131313
3.785,1.45,1.035,0.809,0.966,1.1536876802637
3.785,1.5,1.003,0.809,0.97,1.1954248502946043
3.785,1.55,1.028,0.843,0.969,1.118157774485232
3.785,1.6,1.028,0.86,0.971,1.098316894398697
3.785,1.65,1.033,0.849,0.971,1.1071621188642866
3.785,1.7,1.006,0.839,0.974,1.153981948594488
3.785,1.75,1.026,0.871,0.969,1.0843219798443677
3.785,1.8,1.026,0.886,0.966,1.0626641849167688
3.785,1.85,1.019,0.882,0.965,1.0737039336506602
3.785,1.9,1.017,0.884,0.967,1.0756060990313985
3.785,1.95,1.019,0.889,0.965,1.0652495719683717
3.785,2.0,1.018,0.894,0.966,1.0614311520154005
3.785,2.05,1.019,0.902,0.966,1.0509847269942054
3.785,2.1,1.02,0.907,0.967,1.0452472058283069
3.785,2.15,1.015,0.914,0.964,1.039117827769454
3.785,2.2,1.015,0.922,0.966,1.0322387613134865
3.785,2.25,1.016,0.929,0.966,1.0234525312968816
3.785,2.3,1.015,0.935,0.967,1.0189404915571243
3.785,2.35,1.015,0.941,0.966,1.0113965334017372
3.785,2.4,1.015,0.948,0.968,1.0060069422793125
3.785,2.45,1.015,0.956,0.967,0.9965579075375642
3.785,2.5,1.014,0.964,0.967,0.9892623601528804
4.43,1.15,1.074,0.912,0.959,0.9790829494593092
4.43,1.2,1.016,0.789,0.964,1.202558805624582
4.43,1.25,1.037,0.802,0.965,1.1603104100885684
4.43,1.3,1.042,0.83,0.963,1.1134750132969498
4.43,1.35,1.037,0.83,0.961,1.116520082257671
4.43,1.4,1.038,0.82,0.964,1.132572019361812
4.43,1.45,1.041,0.805,0.973,1.1610909242784948
4.43,1.5,1.009,0.805,0.966,1.189296333002973
4.43,1.55,1.034,0.838,0.972,1.1217645402381093
4.43,1.6,1.035,0.853,0.974,1.1032389237190705
4.43,1.65,1.034,0.844,0.971,1.1126440364113046
4.43,1.7,1.009,0.834,0.967,1.1491302498140241
4.43,1.75,1.03,0.865,0.968,1.086480722823952
4.43,1.8,1.03,0.877,0.97,1.073828475274269
4.43,1.85,1.021,0.876,0.971,1.0856488624725513
4.43,1.9,1.019,0.879,0.968,1.0807177841712803
4.43,1.95,1.022,0.883,0.967,1.0715560057001903
4.43,2.0,1.02,0.889,0.967,1.0664108162950219
4.43,2.05,1.02,0.895,0.965,1.057070873041954
4.43,2.1,1.019,0.901,0.969,1.0554187420149241
4.43,2.15,1.02,0.907,0.967,1.0452472058283069
4.43,2.2,1.018,0.915,0.968,1.0392175808131232
4.43,2.25,1.018,0.922,0.967,1.0302622214456485
4.43,2.3,1.018,0.927,0.967,1.0247052515349384
4.43,2.35,1.018,0.933,0.966,1.017062647268776
4.43,2.4,1.016,0.94,0.966,1.011475959122131
4.43,2.45,1.017,0.948,0.964,0.9998796825278287
4.43,2.5,1.016,0.955,0.964,0.9935276415055448
5.185,1.15,1.075,0.929,0.944,0.9452524595088492
5.185,1.2,1.022,0.797,0.955,1.1724495232857068
5.185,1.25,1.037,0.804,0.957,1.1478288403690324
5.185,1.3,1.042,0.827,0.956,1.1093910649922134
5.185,1.35,1.04,0.826,0.964,1.1221829018439187
5.185,1.4,1.044,0.816,0.965,1.1327567425437608
5.185,1.45,1.041,0.801,0.967,1.1596935147108383
5.185,1.5,1.013,0.802,0.969,1.1927240142486824
5.185,1.55,1.038,0.834,0.965,1.114715164284757
5.185,1.6,1.034,0.847,0.966,1.1029940694086993
5.185,1.65,1.04,0.838,0.969,1.111850559941252
5.185,1.7,1.011,0.83,0.971,1.1571508586273882
5.185,1.75,1.032,0.858,0.97,1.0954807466435372
5.185,1.8,1.03,0.87,0.971,1.0835844213815422
5.185,1.85,1.027,0.87,0.97,1.0856305050979866
5.185,1.9,1.024,0.874,0.966,1.079358552631579
5.185,1.95,1.026,0.879,0.97,1.075562119810967
5.185,2.0,1.027,0.883,0.967,1.0663390825955157
5.185,2.05,1.024,0.889,0.968,1.063343644544432
5.185,2.1,1.025,0.895,0.968,1.0551846300585912
5.185,2.15,1.021,0.901,0.968,1.0522642705188814
5.185,2.2,1.022,0.908,0.968,1.0431304257868736
5.185,2.25,1.022,0.916,0.969,1.035088318990933
5.185,2.3,1.02,0.921,0.969,1.0314875135722041
5.185,2.35,1.022,0.927,0.968,1.0217501905226336
5.185,2.4,1.019,0.934,0.966,1.0149766849558601
5.185,2.45,1.018,0.941,0.968,1.0105038113113793
5.185,2.5,1.017,0.948,0.968,1.0040285608785666
6.06,1.15,1.078,0.951,0.944,0.9208157022487803
6.06,1.2,1.029,0.807,0.955,1.1500440147735496
6.06,1.25,1.04,0.808,0.957,1.1388518659558262
6.06,1.3,1.046,0.826,0.956,1.1064866041046486
6.06,1.35,1.042,0.823,0.964,1.1241117301758698
6.06,1.4,1.042,0.813,0.965,1.1391188767933744
6.06,1.45,1.045,0.799,0.967,1.1581462474025546
6.06,1.5,1.016,0.8,0.969,1.1921751968503935
6.06,1.55,1.036,0.831,0.965,1.1208991353395685
6.06,1.6,1.036,0.845,0.966,1.103470334239565
6.06,1.65,1.041,0.835,0.969,1.1147733351740325
6.06,1.7,1.014,0.826,0.971,1.1593143926911853
6.06,1.75,1.034,0.853,0.97,1.0997707488191637
6.06,1.8,1.035,0.867,0.971,1.0820810279212567
6.06,1.85,1.028,0.867,0.97,1.0883272970437887
6.06,1.9,1.026,0.87,0.966,1.0822074342945487
6.06,1.95,1.026,0.875,0.97,1.0804789752158173
6.06,2.0,1.027,0.876,0.967,1.074860056999818
6.06,2.05,1.027,0.878,0.968,1.0735206375470498
6.06,2.1,1.021,0.883,0.968,1.073714731299561
6.06,2.15,1.022,0.89,0.968,1.0642274456342486
6.06,2.2,1.024,0.898,0.968,1.052686525612472
6.06,2.25,1.022,0.905,0.969,1.0476695029786682
6.06,2.3,1.022,0.911,0.969,1.0407693745287538
6.06,2.35,1.019,0.917,0.968,1.035933404892645
6.06,2.4,1.021,0.923,0.966,1.0250609359464251
6.06,2.45,1.02,0.929,0.968,1.021549631693366
6.06,2.5,1.022,0.935,0.968,1.0130079429031886
7.085,1.15,1.075,0.978,0.944,0.8978931849526798
7.085,1.2,1.033,0.82,0.955,1.127428989681959
7.085,1.25,1.04,0.813,0.957,1.1318478569401078
7.085,1.3,1.047,0.826,0.956,1.105429787863861
7.085,1.35,1.047,0.822,0.964,1.120104481115085
7.085,1.4,1.05,0.812,0.965,1.1318320431620923
7.085,1.45,1.044,0.798,0.967,1.1607082841202623
7.085,1.5,1.02,0.799,0.969,1.1889862327909886
7.085,1.55,1.042,0.829,0.965,1.1171334702448896
7.085,1.6,1.04,0.842,0.966,1.103142700529874
7.085,1.65,1.042,0.835,0.969,1.1137034951210822
7.085,1.7,1.017,0.825,0.971,1.157295670570007
7.085,1.75,1.035,0.85,0.97,1.1025859619210003
7.085,1.8,1.037,0.867,0.971,1.0799940828336554
7.085,1.85,1.032,0.866,0.97,1.0853608321248902
7.085,1.9,1.03,0.87,0.966,1.0780046869768998
7.085,1.95,1.029,0.874,0.97,1.0785615324913882
7.085,2.0,1.029,0.875,0.967,1.0739969457170624
7.085,2.05,1.029,0.877,0.968,1.0726558093509435
7.085,2.1,1.028,0.882,0.968,1.0676125184185217
7.085,2.15,1.028,0.888,0.968,1.0603989203210993
7.085,2.2,1.028,0.896,0.968,1.0509310728182324
7.085,2.25,1.027,0.903,0.969,1.0448779951282159
7.085,2.3,1.025,0.907,0.969,1.0422997283997097
7.085,2.35,1.025,0.912,0.968,1.035515618314078
7.085,2.4,1.021,0.918,0.966,1.0306440565125823
7.085,2.45,1.024,0.925,0.968,1.0219594594594594
7.085,2.5,1.024,0.931,0.968,1.0153732545649838
8.29,1.15,1.08,1.007,0.944,0.8679980874618413
8.29,1.2,1.036,0.834,0.955,1.1052933714804218
8.29,1.25,1.046,0.82,0.957,1.1157487291890127
8.29,1.3,1.046,0.829,0.956,1.1024824306277923
8.29,1.35,1.048,0.824,0.964,1.116319573111984
8.29,1.4,1.05,0.814,0.965,1.129051129051129
8.29,1.45,1.049,0.8,0.967,1.1522878932316492
8.29,1.5,1.025,0.801,0.969,1.1802320270393716
8.29,1.55,1.044,0.83,0.965,1.1136500023080829
8.29,1.6,1.044,0.843,0.966,1.0976125223272113
8.29,1.65,1.047,0.835,0.969,1.1083849492991096
8.29,1.7,1.02,0.826,0.971,1.1524948962635901
8.29,1.75,1.036,0.85,0.97,1.1015216897569837
8.29,1.8,1.038,0.867,0.971,1.0789536261064552
8.29,1.85,1.037,0.867,0.97,1.0788818335207473
8.29,1.9,1.033,0.87,0.966,1.074873986046667
8.29,1.95,1.033,0.876,0.97,1.0719321743204835
8.29,2.0,1.034,0.877,0.967,1.0663661285947124
8.29,2.05,1.035,0.879,0.968,1.0640110358169417
8.29,2.1,1.03,0.883,0.968,1.0643327579192734
8.29,2.15,1.031,0.89,0.968,1.0549373903377326
8.29,2.2,1.032,0.898,0.968,1.0445261649488096
8.29,2.25,1.031,0.905,0.969,1.0385239884036848
8.29,2.3,1.028,0.91,0.969,1.0358318724077478
8.29,2.35,1.027,0.915,0.968,1.030110513405803
8.29,2.4,1.028,0.922,0.966,1.0191851583007672
8.29,2.45,1.027,0.928,0.968,1.015680085955075
8.29,2.5,1.027,0.935,0.968,1.0080760639211868
9.67,1.15,1.074,1.041,0.944,0.8443392598078412
9.67,1.2,1.033,0.849,0.955,1.0889184588212086
9.67,1.25,1.042,0.829,0.957,1.1078722601288697
9.67,1.3,1.047,0.835,0.956,1.093514975779101
9.67,1.35,1.045,0.829,0.964,1.1127720606483862
9.67,1.4,1.048,0.818,0.965,1.1256742380410234
9.67,1.45,1.05,0.804,0.967,1.1454631603885335
9.67,1.5,1.025,0.804,0.969,1.1758281761922098
9.67,1.55,1.044,0.832,0.965,1.1109729590333037
9.67,1.6,1.043,0.845,0.966,1.0960644930701722
9.67,1.65,1.046,0.838,0.969,1.10547283206396
9.67,1.7,1.02,0.83,0.971,1.1469407039924402
9.67,1.75,1.037,0.853,0.97,1.096589155524605
9.67,1.8,1.04,0.87,0.971,1.0731653404067196
9.67,1.85,1.035,0.871,0.97,1.0760023738609072
9.67,1.9,1.035,0.875,0.966,1.0666666666666667
9.67,1.95,1.034,0.88,0.97,1.066027782662212
9.67,2.0,1.032,0.882,0.967,1.0623758547346587
9.67,2.05,1.033,0.883,0.968,1.061241762494532
9.67,2.1,1.033,0.888,0.968,1.055266302120126
9.67,2.15,1.031,0.895,0.968,1.0490438853637787
9.67,2.2,1.032,0.903,0.968,1.038742520624619
9.67,2.25,1.032,0.912,0.969,1.0295542635658914
9.67,2.3,1.029,0.917,0.969,1.02692580381584
9.67,2.35,1.03,0.923,0.968,1.0182078279986115
9.67,2.4,1.03,0.929,0.966,1.009541526017118
9.67,2.45,1.022,0.937,0.968,1.0108457060986993
9.67,2.5,0.955,0.944,0.968,1.0737421244121041
